0 1 .77 45 45
0 4 .21 45 45
1 0 .77 540 36
1 9 .18 540 36
1 2 .24 540 36
2 1 .24 684 36
2 10 .18 684 36
2 3 .15 684 36
3 2 .15 792 36
3 29 .33 792 36
4 0 .21 45 180
4 5 .22 45 180
4 101 .10 45 180
5 4 .22 207 180
5 6 .17 207 180
5 11 .12 207 180
5 19 .11 207 180
6 5 .17 306 144
6 7 .20 306 144
6 11 .13 306 144
7 6 .20 414 90
7 8 .13 414 90
8 7 .13 477 99
8 14 .12 477 99
9 1 .18 540 153
9 106 .17 540 153
9 15 .06 540 153
10 2 .18 684 144
10 106 .08 684 144
10 17 .06 684 144
11 5 .12 270 198
11 6 .13 270 198
11 12 .10 270 198
11 21 .08 270 198
12 11 .10 324 198
12 22 .12 324 198
13 22 .16 414 198
13 103 .10 414 198
13 14 .08 414 198
14 8 .12 477 180
14 13 .08 477 180
14 23 .13 477 180
14 15 .08 477 180
15 9 .06 540 180
15 16 .17 540 180
15 25 .11 540 180
15 14 .08 540 180
16 106 .06 639 180
16 15 .17 639 180
16 26 .10 639 180
16 17 .08 639 180
17 10 .06 684 180
17 27 .10 684 180
17 16 .08 684 180
18 101 .07 90 252
18 19 .13 90 252
18 30 .12 90 252
19 18 .13 180  243
19 5 .11 180 243
19 20 .10 180 243
20 19 .10 252 279
20 21 .08 252 279
21 11 .08 306 270
21 22 .10 306 270
21 20 .08 306 270
22 12 .12 342 279
22 13 .16 342 279
22 102 .09 342 279
22 32 .06 342 279
22 21 .10 342 279
23 103 .09 486 261
23 14 .13 486 261
23 24 .04 486 261
23 34 .10 486 261
23 35 .11 486 261
24 23 .04 504 261
24 25 .04 504 261
24 35 .10 504 261
24 34 .11 504 261
25 24 .04 540 261
25 15 .11 540 261
25 26 .17 540 261
25 39 .12 540 261
26 25 .17 639 252
26 16 .10 639 252
26 27 .08 639 252
26 41 .13 639 252
27 26 .08 684 252
27 17 .10 684 252
27 28 .03 684 252
28 27 .03 720 252
28 42 .13 720 252
28 29 .19 720 252
29 28 .19 846 252
29 3 .33 846 252
29 67 .32 846 252
30 18 .12 126 324
30 31 .10 126 324
31 30 .10 180 333
31 44 .09 180 333
32 43 .09 342 333
32 22 .06 342 333
32 36 .11 342 333
33 102 .05 423 315
33 36 .04 423 315
33 37 .04 423 315
33 104 .05 423 315
34 38 .03 486 315
34 23 .10 486 315
34 24 .11 486 315
34 35 .04 486 315
35 34 .04 504 315
35 23 .11 504 315
35 24 .10 504 315
35 39 .04 504 315
36 33 .04 414 333
36 37 .05 414 333
36 45 .05 414 333
36 32 .11 414 333
37 36 .05 441 333
37 46 .05 441 333
37 33 .04 441 333
37 38 .08 441 333
37 56 .14 441 333
38 37 .08 486 342
38 34 .03 486 342
38 39 .06 486 342
38 56 .13 486 342
39 38 .06 540 342
39 35 .04 540 342
39 25 .12 540 342
39 40 .12 540 342 
39 47 .09 540 342
40 39 .12 612 342
40 41 .04 612 342 
40 48 .08 612 342
41 40 .04 639 342
41 26 .13 639 342
41 42 .13 639 342
41 65 .19 639 342
42 41 .13 720 342
42 28 .13 720 342
42 66 .19 720 342
43 44 .11 288 360
43 32 .09 288 360
43 53 .09 288 360
43 51 .09 288 360
44 43 .11 234 378
44 31 .09 234 378
44 50 .08 234 378
45 46 .05 414 360
45 46 .05 414 360
45 54 .08 414 360
45 53 .08 414 360
46 37 .05 441 360
46 45 .05 441 360
46 55 .09 441 360
47 39 .09 576 378
47 48 .02 576 378
47 64 .07 576 378
47 63 .07 576 378
48 47 .02 603 378
48 40 .08 603 378
48 63 .07 603 378
48 64 .07 603 378
49 101 .29 54 432
49 50 .27 54 432
49 90 .39 54 432
50 49 .27 234 414
50 44 .08 234 414
50 51 .07 234 414
50 57 .08 234 414
50 68 .15 234 414
51 50 .07 270 414
51 57 .03 270 414
51 43 .09 270 414
51 52 .08 270 414
52 43 .09 324 414
52 51 .08 324 414
52 53 .11 324 414
52 59 .12 324 414
52 58 .03 324 414
53 52 .11 396 414
53 45 .08 396 414
53 54 .04 396 414
53 59 .03 396 414
54 53 .04 414 414
54 55 .03 414 414
54 45 .08 414 414
54 60 .03 414 414
55 54 .03 441 414
55 46 .09 441 414
55 38 .14 441 414
55 56 .08 441 414
55 61 .03 441 414
56 55 .08 486 414
56 37 .14 486 414
56 38 .13 486 414
56 62 .03 486 414
57 50 .08 270 432
57 51 .03 270 432
57 58 .08 270 432
57 68 .07 270 432
58 57 .08 324 432
58 52 .03 324 432
58 53 .12 324 432
58 59 .11 324 432
58 69 .07 324 432
59 58 .11 396 432
59 52 .12 396 432
59 53 .03 396 432
59 60 .04 396 432
59 70 .07 396 432
60 59 .04 414 432
60 54 .03 414 432
60 61 .03 414 432
60 71 .07 414 432
61 60 .03 441 432
61 55 .03 441 432
61 62 .08 441 432
61 71 .07 441 432
62 61 .08 486 432
62 56 .03 486 432
62 72 .08 486 432
63 73 .10 576 432
63 47 .07 576 432
63 48 .07 576 432
63 64 .02 576 432
64 63 .02 603 432
64 47 .07 603 432
64 48 .07 603 432
64 65 .07 603 432
65 64 .07 648 450
65 41 .19 648 450
65 66 .15 648 450
65 78 .18 648 450
66 65 .15 720 450
66 42 .19 720 450
66 67 .22 720 450
66 79 .17 720 450
67 29 .32 864 450
67 66 .22 864 450
67 97 .35 864 450
68 50 .15 270 486
68 57 .07 270 486
68 69 .08 270 486
68 80 .21 270 486
69 58 .07 324 486
69 70 .09 324 486
69 68 .08 324 486
70 69 .09 378 486
70 59 .07 378 486
70 71 .08 378 486
71 70 .08 432 477
71 60 .07 432 477
71 61 .07 432 477
71 72 .11 432 477
71 74 .08 432 477
72 71 .11 504 468
72 62 .07 504 468
72 73 .05 504 468
72 76 .08 504 468
73 72 .05 540 468
73 77 .13 540 468
73 63 .10 540 468
74 71 .08 432 540
74 75 .07 432 540
74 81 .08 432 540
75 74 .07 486 540
75 76 .03 486 540
75 83 .09 486 540
75 82 .08 486 540
76 75 .03 504 540
76 72 .08 504 540
76 83 .08 504 540
76 82 .09 504 540
77 73 .13 540 558
77 78 .17 540 558
77 88 .12 540 558
78 77 .17 648 558
78 65 .18 648 558
78 79 .14 648 558
78 105 .12 648 558
79 78 .14 720 558
79 66 .17 720 558
79 89 .12 720 558
80 68 .21 252 612
80 84 .09 252 612
81 74 .08 432 603
81 82 .07 432 603
81 85 .06 432 603
82 81 .07 486 603
82 75 .08 486 603
82 76 .09 486 603
82 83 .03 486 603
82 87 .07 486 603
82 86 .06 486 603
83 82 .035 504 603
83 75 .09 504 603
83 76 .08 504 603
83 87 .06 504 603
83 86 .07 504 603
84 80 .09 288 648
84 85 .24 288 648
85 84 .24 432 648
85 81 .06 432 648
85 86 .07 432 648
85 93 .17 432 648
86 85 .07 486 648
86 82 .06 486 648
86 83 .07 486 648
86 87 .03 486 648
87 86 .03 504 648
87 82 .07 504 648
87 83 .06 504 648
87 88 .05 504 648
88 87 .05 540 648
88 77 .13 540 648
88 105 .17 540 648
88 98 .09 540 648
89 105 .13 720 648
89 79 .12 720 648
89 100 .09 720 648
90 49 .39 36 684
90 91 .30 36 684
91 90 .30 234 384
91 92 .14 234 684
92 91 .14 288 738
92 93 .23 288 738
93 92 .23 432 756
93 85 .17 432 756
93 94 .15 432 756
94 93 .15 540 756
94 98 .09 540 756
94 95 .17 540 756
95 94 .15 648 756
95 99 .09 648 756
95 96 .13 648 756
96 95 .13 738 729
96 100 .07 738 729
96 97 .18 738 729
97 96 .18 828 684
97 67 .35 828 684
98 88 .09 540 684
98 99 .17 540 684
98 94 .09 540 684
99 98 .17 648 684
99 105 .09 648 684
99 100 .12 648 684
99 95 .09 648 684
100 99 .12 720 684
100 89 .09 720 684
100 96 .07 720 684
101 4 .10 45 252
101 18 .07 45 252
101 49 .29 45 252
102 22 .09 396 288
102 103 .05 396 288
102 33 .05 396 288
103 102 .05 414 261
103 104 .05 414 261
103 13 .10 414 261
103 23 .09 414 261
104 103 .05 450 288
104 33 .05 450 288
105 88 .17 648 648
105 78 .12 648 648
105 89 .14 648 648
105 99 .09 648 648
106 9 .17 639 153
106 10 .08 639 153
106 16 .06 639 153
